..3..5..........5.9.1.846.78.41..7.............9..31.66.597.3.2.7..........4..8..
:0707:249:..3..5..........5.9+51.846.78.41..7.....+8......+29.+431+866.597+83.2.7+8....+6.+3+9+24..8+7.:214 615 419 721 622 724 625 226 626 751 555 559 585 589:257 457 957::9
.--------------.-----------------.-------------------.
| 247  468  3  | 67   129   5    | 249   1249  189   |
| 24   48   67 | 236  1239  179  | 249   5     13489 |
| 9    5    1  | 23   8     4    | 6     23    7     |
:--------------+-----------------+-------------------:
| 8    36   4  | 1    2569  269  | 7     239   359   |
| 15   136  67 | 8    269   2679 | 2459  2349  349   |
| 57   2    9  | 57   4     3    | 1     8     6     |
:--------------+-----------------+-------------------:
| 6    14   5  | 9    7     8    | 3     14    2     |
| 14   7    8  | 235  123   12   | 459   6     149   |
| 3    9    2  | 4    156   16   | 8     7     15    |
'--------------'-----------------'-------------------'

.----------------.-----------------.-------------------------.
|  247   468  3  | 67   129   5    |  249       1249   189   |
|  24    48   67 | 236  1239  179  |  249       5      13489 |
|  9     5    1  | 23   8     4    |  6         23     7     |
:----------------+-----------------+-------------------------:
|  8     36   4  | 1    2569  269  |  7         239   *359   |
| *15   *136  67 | 8    269   2679 | *-2-45-9   2349   349   |
|  57    2    9  | 57   4     3    |  1         8      6     |
:----------------+-----------------+-------------------------:
|  6    *14   5  | 9    7     8    |  3        *14     2     |
|  14    7    8  | 235  123   12   |  459       6      149   |
|  3     9    2  | 4    156   16   |  8         7     *15    |
'----------------'-----------------'-------------------------'
Discontinuous Nice Loop: 2/4/9 r5c7 =5= r5c1 =1= r5c2 -1- r7c2 =1= r7c8 -1- r9c9 -5- r4c9 =5= r5c7 => r5c7<>2, r5c7<>4, r5c7<>9
